1 1 0
2 0 0
3 1 0
4 2 0
5 1 0
6 0 0
7 0 0
8 1 0
9 0 0
10 1 0
11 0 0
12 0 0
13 0 0
14 0 0
15 1 0
16 0 0
17 1 0
18 2 0
19 3 0
20 4 0
21 5 0
22 6 0
23 5 0
24 6 0
25 7 0
26 8 0
27 7 0
28 6 0
29 5 0
30 4 0
31 3 0
32 4 0
33 3 0
34 2 0
35 3 0
36 2 0
37 1 0
38 0 0
39 1 0
40 0 0
41 0 0
42 1 0
43 0 0
44 1 0
45 0 0
46 0 0
47 1 0
48 2 0
49 1 0
50 0 0
51 0 0
52 0 0
53 0 0
54 1 0
55 0 0
56 0 0
57 0 0
58 1 0
59 0 0
60 0 0
61 1 0
62 2 0
63 3 0
64 4 0
65 5 0
66 4 0
67 3 0
68 2 0
69 1 0
70 2 0
71 1 0
72 2 0
73 3 0
74 2 0
75 3 0
76 2 0
77 3 0
78 4 0
79 3 0
80 4 0
81 3 0
82 2 0
83 1 0
84 2 0
85 1 0
86 0 0
87 1 0
88 0 0
89 1 0
90 2 0
91 1 0
92 0 0
93 1 0
94 0 0
95 1 0
96 2 0
97 1 0
98 0 0
99 0 0
100 1 0
101 0 0
102 0 0
103 1 0
104 0 0
105 1 0
106 2 0
107 3 0
108 4 0
109 5 0
110 4 0
111 3 0
112 4 0
113 3 0
114 2 0
115 1 0
116 0 0
117 1 0
118 0 0
119 0 0
120 0 0
121 1 0
122 0 0
123 0 0
124 1 0
125 0 0
126 1 0
127 2 0
128 3 0
129 4 0
130 5 0
131 4 0
132 5 0
133 4 0
134 5 0
135 6 0
136 7 0
137 8 0
138 7 0
139 8 0
140 9 0
141 8 0
142 9 0
143 10 0
144 11 0
145 10 0
146 9 0
147 10 0
148 9 0
149 10 0
150 9 0
151 8 0
152 7 0
153 8 0
154 9 0
155 8 0
156 7 0
157 6 0
158 5 0
159 4 0
160 3 0
161 2 0
162 1 0
163 0 0
164 0 0
165 0 0
166 0 0
167 1 0
168 0 0
169 1 0
170 2 0
171 1 0
172 0 0
173 0 0
174 1 0
175 2 0
176 3 0
177 4 0
178 5 0
179 6 0
180 7 0
181 8 0
182 9 0
183 10 0
184 9 0
185 10 0
186 9 0
187 8 0
188 9 0
189 10 0
190 11 0
191 12 0
192 13 0
193 14 0
194 13 0
195 12 0
196 11 0
197 12 0
198 11 0
199 12 0
200 13 0
201 12 0
202 11 0
203 12 0
204 13 0
205 14 0
206 15 0
207 16 0
208 17 0
209 16 0
210 17 0
211 18 0
212 19 0
213 18 0
214 19 0
215 18 0
216 19 0
217 20 0
218 21 0
219 20 0
220 19 0
221 18 0
222 19 0
223 18 0
224 17 0
225 18 0
226 17 0
227 16 0
228 15 0
229 14 0
230 13 0
231 12 0
232 11 0
233 10 0
234 11 0
235 10 0
236 11 0
237 12 0
238 11 0
239 12 0
240 13 0
241 12 0
242 11 0
243 12 0
244 13 0
245 14 0
246 15 0
247 14 0
248 13 0
249 14 0
250 13 0
251 12 0
252 13 0
253 14 0
254 15 0
255 14 0
256 15 0
257 14 0
258 13 0
259 14 0
260 15 0
261 14 0
262 13 0
263 12 0
264 13 0
265 14 0
266 13 0
267 12 0
268 11 0
269 12 0
270 13 0
271 14 0
272 13 0
273 14 0
274 13 0
275 14 0
276 15 0
277 16 0
278 15 0
279 16 0
280 15 0
281 14 0
282 15 0
283 16 0
284 17 0
285 16 0
286 15 0
287 14 0
288 13 0
289 12 0
290 13 0
291 12 0
292 11 0
293 10 0
294 11 0
295 12 0
296 13 0
297 14 0
298 15 0
299 14 0
300 13 0
301 12 0
302 11 0
303 10 0
304 9 0
305 8 0
306 7 0
307 8 0
308 7 0
309 8 0
310 9 0
311 8 0
312 9 0
313 8 0
314 9 0
315 10 0
316 9 0
317 8 0
318 7 0
319 8 0
320 9 0
321 10 0
322 11 0
323 10 0
324 11 0
325 10 0
326 11 0
327 12 0
328 11 0
329 12 0
330 13 0
331 12 0
332 11 0
333 10 0
334 9 0
335 8 0
336 9 0
337 10 0
338 11 0
339 10 0
340 11 0
341 12 0
342 11 0
343 12 0
344 13 0
345 12 0
346 13 0
347 12 0
348 11 0
349 12 0
350 11 0
351 12 0
352 11 0
353 10 0
354 11 0
355 12 0
356 13 0
357 12 0
358 11 0
359 10 0
360 11 0
361 10 0
362 11 0
363 10 0
364 11 0
365 12 0
366 11 0
367 12 0
368 11 0
369 12 0
370 13 0
371 12 0
372 13 0
373 12 0
374 13 0
375 12 0
376 13 0
377 14 0
378 13 0
379 14 0
380 13 0
381 14 0
382 13 0
383 14 0
384 13 0
385 12 0
386 13 0
387 12 0
388 11 0
389 10 0
390 11 0
391 10 0
392 11 0
393 12 0
394 11 0
395 10 0
396 9 0
397 10 0
398 9 0
399 8 0
400 7 0
401 6 0
402 7 0
403 8 0
404 9 0
405 10 0
406 9 0
407 10 0
408 9 0
409 8 0
410 7 0
411 6 0
412 7 0
413 8 0
414 9 0
415 10 0
416 9 0
417 10 0
418 9 0
419 8 0
420 9 0
421 10 0
422 11 0
423 12 0
424 11 0
425 12 0
426 11 0
427 10 0
428 11 0
429 10 0
430 9 0
431 10 0
432 9 0
433 8 0
434 9 0
435 8 0
436 7 0
437 6 0
438 7 0
439 6 0
440 7 0
441 6 0
442 7 0
443 8 0
444 7 0
445 6 0
446 5 0
447 6 0
448 7 0
449 8 0
450 7 0
451 8 0
452 7 0
453 8 0
454 7 0
455 8 0
456 7 0
457 8 0
458 9 0
459 10 0
460 9 0
461 8 0
462 9 0
463 10 0
464 9 0
465 8 0
466 7 0
467 8 0
468 7 0
469 6 0
470 7 0
471 6 0
472 5 0
473 6 0
474 5 0
475 6 0
476 7 0
477 8 0
478 9 0
479 10 0
480 9 0
481 10 0
482 9 0
483 8 0
484 7 0
485 8 0
486 9 0
487 10 0
488 11 0
489 12 0
490 13 0
491 12 0
492 13 0
493 12 0
494 11 0
495 10 0
496 11 0
497 10 0
498 9 0
499 8 0
500 9 0
501 8 0
502 7 0
503 8 0
504 9 0
505 10 0
506 9 0
507 10 0
508 11 0
509 10 0
510 11 0
511 10 0
512 9 0
513 8 0
514 9 0
515 10 0
516 9 0
517 10 0
518 9 0
519 8 0
520 9 0
521 8 0
522 7 0
523 6 0
524 7 0
525 6 0
526 7 0
527 8 0
528 9 0
529 8 0
530 9 0
531 10 0
532 9 0
533 8 0
534 7 0
535 6 0
536 7 0
537 8 0
538 7 0
539 8 0
540 9 0
541 10 0
542 11 0
543 10 0
544 11 0
545 10 0
546 9 0
547 10 0
548 9 0
549 8 0
550 9 0
551 8 0
552 7 0
553 8 0
554 9 0
555 10 0
556 9 0
557 8 0
558 9 0
559 10 0
560 11 0
561 10 0
562 11 0
563 10 0
564 11 0
565 10 0
566 9 0
567 10 0
568 11 0
569 12 0
570 11 0
571 12 0
572 11 0
573 10 0
574 11 0
575 10 0
576 9 0
577 10 0
578 11 0
579 12 0
580 11 0
581 10 0
582 9 0
583 10 0
584 11 0
585 12 0
586 13 0
587 14 0
588 13 0
589 14 0
590 13 0
591 14 0
592 13 0
593 12 0
594 11 0
595 10 0
596 9 0
597 8 0
598 9 0
599 8 0
600 9 0
601 10 0
602 9 0
603 10 0
604 9 0
605 8 0
606 9 0
607 8 0
608 7 0
609 8 0
610 7 0
611 8 0
612 9 0
613 8 0
614 9 0
615 10 0
616 11 0
617 10 0
618 9 0
619 8 0
620 7 0
621 6 0
622 5 0
623 4 0
624 3 0
625 4 0
626 5 0
627 6 0
628 7 0
629 8 0
630 7 0
631 8 0
632 7 0
633 6 0
634 7 0
635 6 0
636 7 0
637 8 0
638 7 0
639 8 0
640 7 0
641 8 0
642 9 0
643 10 0
644 11 0
645 10 0
646 11 0
647 12 0
648 13 0
649 14 0
650 13 0
651 12 0
652 13 0
653 14 0
654 15 0
655 16 0
656 17 0
657 18 0
658 19 0
659 20 0
660 21 0
661 22 0
662 21 0
663 22 0
664 21 0
665 20 0
666 19 0
667 20 0
668 19 0
669 20 0
670 19 0
671 18 0
672 17 0
673 18 0
674 17 0
675 16 0
676 15 0
677 14 0
678 13 0
679 12 0
680 11 0
681 10 0
682 9 0
683 10 0
684 9 0
685 8 0
686 9 0
687 10 0
688 9 0
689 8 0
690 7 0
691 8 0
692 7 0
693 6 0
694 5 0
695 6 0
696 5 0
697 6 0
698 5 0
699 4 0
700 5 0
701 4 0
702 5 0
703 6 0
704 5 0
705 6 0
706 7 0
707 8 0
708 9 0
709 8 0
710 9 0
711 8 0
712 9 0
713 8 0
714 7 0
715 8 0
716 9 0
717 10 0
718 9 0
719 10 0
720 11 0
721 12 0
722 11 0
723 10 0
724 11 0
725 10 0
726 9 0
727 10 0
728 11 0
729 10 0
730 11 0
731 10 0
732 11 0
733 10 0
734 11 0
735 12 0
736 11 0
737 10 0
738 9 0
739 10 0
740 9 0
741 8 0
742 7 0
743 6 0
744 7 0
745 6 0
746 7 0
747 8 0
748 9 0
749 8 0
750 7 0
751 8 0
752 9 0
753 10 0
754 9 0
755 10 0
756 11 0
757 10 0
758 9 0
759 10 0
760 9 0
761 8 0
762 7 0
763 6 0
764 5 0
765 6 0
766 7 0
767 6 0
768 7 0
769 8 0
770 9 0
771 10 0
772 11 0
773 10 0
774 11 0
775 10 0
776 11 0
777 12 0
778 11 0
779 10 0
780 9 0
781 10 0
782 11 0
783 10 0
784 11 0
785 12 0
786 13 0
787 14 0
788 15 0
789 16 0
790 17 0
791 16 0
792 17 0
793 18 0
794 19 0
795 20 0
796 19 0
797 20 0
798 19 0
799 18 0
800 19 0
801 20 0
802 19 0
803 18 0
804 17 0
805 16 0
806 15 0
807 14 0
808 15 0
809 14 0
810 13 0
811 12 0
812 13 0
813 12 0
814 11 0
815 10 0
816 9 0
817 10 0
818 11 0
819 10 0
820 11 0
821 12 0
822 11 0
823 10 0
824 9 0
825 8 0
826 7 0
827 8 0
828 9 0
829 10 0
830 11 0
831 12 0
832 13 0
833 12 0
834 13 0
835 14 0
836 15 0
837 14 0
838 15 0
839 16 0
840 15 0
841 14 0
842 13 0
843 12 0
844 13 0
845 14 0
846 15 0
847 16 0
848 15 0
849 14 0
850 13 0
851 14 0
852 15 0
853 16 0
854 15 0
855 14 0
856 15 0
857 14 0
858 13 0
859 14 0
860 13 0
861 14 0
862 13 0
863 14 0
864 13 0
865 14 0
866 15 0
867 14 0
868 13 0
869 12 0
870 13 0
871 14 0
872 15 0
873 16 0
874 15 0
875 16 0
876 17 0
877 18 0
878 19 0
879 18 0
880 19 0
881 20 0
882 19 0
883 20 0
884 21 0
885 22 0
886 23 0
887 22 0
888 21 0
889 22 0
890 23 0
891 24 0
892 23 0
893 22 0
894 21 0
895 22 0
896 21 0
897 22 0
898 21 0
899 22 0
900 23 0
901 24 0
902 23 0
903 22 0
904 23 0
905 24 0
906 25 0
907 24 0
908 23 0
909 24 0
910 23 0
911 22 0
912 21 0
913 22 0
914 21 0
915 20 0
916 19 0
917 20 0
918 21 0
919 22 0
920 21 0
921 22 0
922 21 0
923 22 0
924 23 0
925 24 0
926 23 0
927 22 0
928 21 0
929 22 0
930 21 0
931 22 0
932 23 0
933 24 0
934 25 0
935 26 0
936 27 0
937 26 0
938 27 0
939 28 0
940 27 0
941 26 0
942 27 0
943 26 0
944 25 0
945 26 0
946 25 0
947 24 0
948 23 0
949 24 0
950 25 0
951 24 0
952 23 0
953 22 0
954 23 0
955 22 0
956 21 0
957 20 0
958 21 0
959 20 0
960 19 0
961 20 0
962 19 0
963 18 0
964 19 0
965 20 0
966 19 0
967 18 0
968 17 0
969 18 0
970 17 0
971 16 0
972 17 0
973 16 0
974 15 0
975 16 0
976 15 0
977 14 0
978 15 0
979 14 0
980 13 0
981 14 0
982 13 0
983 14 0
984 13 0
985 12 0
986 13 0
987 12 0
988 11 0
989 10 0
990 9 0
991 10 0
992 9 0
993 8 0
994 7 0
995 8 0
996 7 0
997 8 0
998 7 0
999 6 0
1000 5 0
1001 4 0
1002 3 0
1003 2 0
1004 3 0
1005 4 0
1006 5 0
1007 4 0
1008 3 0
1009 2 0
1010 1 0
1011 2 0
1012 1 0
1013 0 0
1014 1 0
1015 0 0
1016 0 0
1017 1 0
1018 2 0
1019 3 0
1020 4 0
1021 5 0
1022 4 0
1023 5 0
1024 4 0
1025 3 0
1026 2 0
1027 3 0
1028 4 0
1029 3 0
1030 4 0
1031 3 0
1032 4 0
1033 5 0
1034 6 0
1035 7 0
1036 6 0
1037 7 0
1038 6 0
1039 5 0
1040 6 0
1041 7 0
1042 8 0
1043 7 0
1044 6 0
1045 7 0
1046 6 0
1047 7 0
1048 6 0
1049 5 0
1050 6 0
1051 7 0
1052 6 0
1053 7 0
1054 6 0
1055 7 0
1056 6 0
1057 5 0
1058 4 0
1059 3 0
1060 2 0
1061 3 0
1062 2 0
1063 3 0
1064 2 0
1065 3 0
1066 4 0
1067 3 0
1068 4 0
1069 5 0
1070 6 0
1071 5 0
1072 4 0
1073 3 0
1074 4 0
1075 3 0
1076 4 0
1077 3 0
1078 4 0
1079 3 0
1080 4 0
1081 5 0
1082 6 0
1083 7 0
1084 8 0
1085 9 0
1086 10 0
1087 11 0
1088 10 0
1089 11 0
1090 10 0
1091 9 0
1092 10 0
1093 11 0
1094 10 0
1095 9 0
1096 10 0
1097 11 0
1098 10 0
1099 11 0
1100 12 0
1101 13 0
1102 14 0
1103 15 0
1104 14 0
1105 15 0
1106 16 0
1107 17 0
1108 18 0
1109 17 0
1110 18 0
1111 19 0
1112 18 0
1113 17 0
1114 18 0
1115 19 0
1116 18 0
1117 19 0
1118 20 0
1119 19 0
1120 18 0
1121 19 0
1122 18 0
1123 19 0
1124 20 0
1125 19 0
1126 18 0
1127 17 0
1128 16 0
1129 17 0
1130 16 0
1131 17 0
1132 16 0
1133 17 0
1134 16 0
1135 15 0
1136 14 0
1137 13 0
1138 14 0
1139 13 0
1140 12 0
1141 13 0
1142 12 0
1143 13 0
1144 12 0
1145 13 0
1146 12 0
1147 11 0
1148 10 0
1149 9 0
1150 8 0
1151 7 0
1152 6 0
1153 7 0
1154 6 0
1155 5 0
1156 6 0
1157 7 0
1158 6 0
1159 5 0
1160 6 0
1161 7 0
1162 6 0
1163 5 0
1164 4 0
1165 3 0
1166 2 0
1167 1 0
1168 0 0
1169 1 0
1170 0 0
1171 0 0
1172 0 0
1173 0 0
1174 0 0
1175 0 0
1176 1 0
1177 0 0
1178 0 0
1179 0 0
1180 0 0
1181 0 0
1182 0 0
1183 1 0
1184 0 0
1185 0 0
1186 0 0
1187 0 0
1188 1 0
1189 0 0
1190 0 0
1191 1 0
1192 0 0
1193 1 0
1194 0 0
1195 0 0
1196 0 0
1197 1 0
1198 0 0
1199 0 0
1200 1 0
1201 2 0
1202 3 0
1203 2 0
1204 1 0
1205 0 0
1206 0 0
1207 0 0
1208 1 0
1209 2 0
1210 3 0
1211 2 0
1212 3 0
1213 2 0
1214 3 0
1215 2 0
1216 1 0
1217 0 0
1218 0 0
1219 1 0
1220 2 0
1221 3 0
1222 4 0
1223 5 0
1224 4 0
1225 5 0
1226 4 0
1227 3 0
1228 4 0
1229 5 0
1230 4 0
1231 5 0
1232 6 0
1233 5 0
1234 6 0
1235 7 0
1236 8 0
1237 9 0
1238 8 0
1239 7 0
1240 6 0
1241 5 0
1242 6 0
1243 5 0
1244 6 0
1245 7 0
1246 8 0
1247 9 0
1248 8 0
1249 9 0
1250 8 0
1251 9 0
1252 8 0
1253 7 0
1254 8 0
1255 7 0
1256 8 0
1257 7 0
1258 6 0
1259 5 0
1260 4 0
1261 3 0
1262 2 0
1263 1 0
1264 2 0
1265 1 0
1266 2 0
1267 3 0
1268 4 0
1269 3 0
1270 2 0
1271 3 0
1272 4 0
1273 3 0
1274 4 0
1275 5 0
1276 4 0
1277 3 0
1278 2 0
1279 1 0
1280 2 0
1281 1 0
1282 2 0
1283 3 0
1284 2 0
1285 1 0
1286 2 0
1287 1 0
1288 2 0
1289 1 0
1290 2 0
1291 1 0
1292 0 0
1293 1 0
1294 2 0
1295 3 0
1296 4 0
1297 5 0
1298 4 0
1299 3 0
1300 4 0
1301 3 0
1302 4 0
1303 5 0
1304 6 0
1305 7 0
1306 8 0
1307 7 0
1308 6 0
1309 5 0
1310 6 0
1311 5 0
1312 6 0
1313 7 0
1314 6 0
1315 5 0
1316 4 0
1317 5 0
1318 6 0
1319 5 0
1320 6 0
1321 7 0
1322 6 0
1323 7 0
1324 6 0
1325 5 0
1326 6 0
1327 7 0
1328 8 0
1329 7 0
1330 8 0
1331 7 0
1332 8 0
1333 9 0
1334 8 0
1335 7 0
1336 8 0
1337 7 0
1338 6 0
1339 7 0
1340 6 0
1341 5 0
1342 4 0
1343 3 0
1344 4 0
1345 3 0
1346 2 0
1347 3 0
1348 4 0
1349 5 0
1350 6 0
1351 5 0
1352 6 0
1353 5 0
1354 6 0
1355 7 0
1356 6 0
1357 7 0
1358 6 0
1359 5 0
1360 4 0
1361 3 0
1362 2 0
1363 3 0
1364 2 0
1365 3 0
1366 4 0
1367 5 0
1368 4 0
1369 5 0
1370 4 0
1371 3 0
1372 2 0
1373 1 0
1374 2 0
1375 3 0
1376 4 0
1377 5 0
1378 6 0
1379 7 0
1380 8 0
1381 9 0
1382 10 0
1383 11 0
1384 12 0
1385 11 0
1386 10 0
1387 9 0
1388 10 0
1389 11 0
1390 10 0
1391 9 0
1392 8 0
1393 9 0
1394 8 0
1395 9 0
1396 10 0
1397 9 0
1398 10 0
1399 9 0
1400 10 0
1401 11 0
1402 12 0
1403 13 0
1404 14 0
1405 13 0
1406 12 0
1407 11 0
1408 12 0
1409 11 0
1410 12 0
1411 11 0
1412 12 0
1413 11 0
1414 12 0
1415 13 0
1416 14 0
1417 15 0
1418 16 0
1419 15 0
1420 16 0
1421 15 0
1422 16 0
1423 15 0
1424 16 0
1425 15 0
1426 16 0
1427 17 0
1428 18 0
1429 17 0
1430 16 0
1431 17 0
1432 18 0
1433 17 0
1434 18 0
1435 17 0
1436 16 0
1437 17 0
1438 18 0
1439 17 0
1440 16 0
1441 17 0
1442 16 0
1443 17 0
1444 16 0
1445 17 0
1446 18 0
1447 17 0
1448 16 0
1449 17 0
1450 16 0
1451 15 0
1452 16 0
1453 15 0
1454 16 0
1455 17 0
1456 16 0
1457 17 0
1458 16 0
1459 15 0
1460 16 0
1461 15 0
1462 14 0
1463 13 0
1464 12 0
1465 11 0
1466 10 0
1467 9 0
1468 10 0
1469 9 0
1470 10 0
1471 9 0
1472 10 0
1473 9 0
1474 8 0
1475 9 0
1476 8 0
1477 7 0
1478 8 0
1479 9 0
1480 8 0
1481 7 0
1482 8 0
1483 7 0
1484 8 0
1485 9 0
1486 10 0
1487 9 0
1488 8 0
1489 9 0
1490 10 0
1491 9 0
1492 10 0
1493 11 0
1494 10 0
1495 11 0
1496 12 0
1497 13 0
1498 12 0
1499 11 0
1500 12 0
1501 13 0
1502 12 0
1503 11 0
1504 12 0
1505 11 0
1506 12 0
1507 13 0
1508 12 0
1509 11 0
1510 12 0
1511 13 0
1512 12 0
1513 11 0
1514 12 0
1515 11 0
1516 12 0
1517 11 0
1518 12 0
1519 13 0
1520 12 0
1521 13 0
1522 12 0
1523 11 0
1524 12 0
1525 13 0
1526 14 0
1527 15 0
1528 14 0
1529 13 0
1530 12 0
1531 11 0
1532 10 0
1533 9 0
1534 8 0
1535 7 0
1536 6 0
1537 7 0
1538 8 0
1539 9 0
1540 8 0
1541 7 0
1542 8 0
1543 7 0
1544 8 0
1545 9 0
1546 8 0
1547 7 0
1548 6 0
1549 7 0
1550 6 0
1551 5 0
1552 4 0
1553 5 0
1554 6 0
1555 7 0
1556 8 0
1557 9 0
1558 10 0
1559 11 0
1560 12 0
1561 11 0
1562 12 0
1563 13 0
1564 14 0
1565 13 0
1566 14 0
1567 13 0
1568 14 0
1569 15 0
1570 14 0
1571 13 0
1572 14 0
1573 13 0
1574 14 0
1575 15 0
1576 14 0
1577 15 0
1578 16 0
1579 15 0
1580 14 0
1581 15 0
1582 14 0
1583 13 0
1584 14 0
1585 13 0
1586 14 0
1587 15 0
1588 14 0
1589 13 0
1590 14 0
1591 15 0
1592 16 0
1593 15 0
1594 16 0
1595 15 0
1596 16 0
1597 17 0
1598 18 0
1599 17 0
1600 18 0
1601 17 0
1602 16 0
1603 17 0
1604 16 0
1605 15 0
1606 16 0
1607 15 0
1608 16 0
1609 15 0
1610 14 0
1611 15 0
1612 16 0
1613 15 0
1614 16 0
1615 17 0
1616 16 0
1617 17 0
1618 18 0
1619 17 0
1620 16 0
1621 15 0
1622 14 0
1623 15 0
1624 16 0
1625 15 0
1626 16 0
1627 15 0
1628 14 0
1629 15 0
1630 16 0
1631 15 0
1632 16 0
1633 17 0
1634 18 0
1635 17 0
1636 16 0
1637 17 0
1638 18 0
1639 17 0
1640 18 0
1641 17 0
1642 18 0
1643 19 0
1644 18 0
1645 17 0
1646 18 0
1647 19 0
1648 20 0
1649 21 0
1650 22 0
1651 23 0
1652 22 0
1653 21 0
1654 20 0
1655 19 0
1656 20 0
1657 19 0
1658 20 0
1659 19 0
1660 20 0
1661 19 0
1662 18 0
1663 17 0
1664 18 0
1665 17 0
1666 18 0
1667 19 0
1668 18 0
1669 17 0
1670 16 0
1671 17 0
1672 16 0
1673 17 0
1674 16 0
1675 17 0
1676 16 0
1677 17 0
1678 18 0
1679 19 0
1680 20 0
1681 21 0
1682 22 0
1683 23 0
1684 22 0
1685 21 0
1686 22 0
1687 23 0
1688 24 0
1689 23 0
1690 24 0
1691 25 0
1692 24 0
1693 23 0
1694 24 0
1695 25 0
1696 26 0
1697 25 0
1698 26 0
1699 27 0
1700 26 0
1701 25 0
1702 26 0
1703 25 0
1704 24 0
1705 23 0
1706 22 0
1707 21 0
1708 22 0
1709 23 0
1710 22 0
1711 23 0
1712 24 0
1713 25 0
1714 26 0
1715 25 0
1716 26 0
1717 25 0
1718 26 0
1719 27 0
1720 28 0
1721 29 0
1722 28 0
1723 29 0
1724 30 0
1725 29 0
1726 28 0
1727 29 0
1728 28 0
1729 29 0
1730 30 0
1731 31 0
1732 32 0
1733 33 0
1734 32 0
1735 33 0
1736 34 0
1737 33 0
1738 34 0
1739 33 0
1740 32 0
1741 31 0
1742 32 0
1743 33 0
1744 32 0
1745 31 0
1746 30 0
1747 31 0
1748 32 0
1749 31 0
1750 30 0
1751 29 0
1752 28 0
1753 29 0
1754 28 0
1755 29 0
1756 28 0
1757 27 0
1758 28 0
1759 27 0
1760 28 0
1761 29 0
1762 30 0
1763 29 0
1764 28 0
1765 29 0
1766 28 0
1767 29 0
1768 28 0
1769 29 0
1770 28 0
1771 29 0
1772 28 0
1773 27 0
1774 26 0
1775 25 0
1776 24 0
1777 25 0
1778 26 0
1779 25 0
1780 24 0
1781 25 0
1782 24 0
1783 23 0
1784 24 0
1785 25 0
1786 26 0
1787 25 0
1788 26 0
1789 27 0
1790 26 0
1791 27 0
1792 26 0
1793 25 0
1794 24 0
1795 25 0
1796 24 0
1797 25 0
1798 26 0
1799 27 0
1800 28 0
1801 29 0
1802 30 0
1803 29 0
1804 30 0
1805 31 0
1806 32 0
1807 31 0
1808 30 0
1809 29 0
1810 28 0
1811 27 0
1812 26 0
1813 25 0
1814 26 0
1815 27 0
1816 26 0
1817 27 0
1818 28 0
1819 29 0
1820 30 0
1821 31 0
1822 32 0
1823 31 0
1824 32 0
1825 33 0
1826 34 0
1827 35 0
1828 34 0
1829 33 0
1830 34 0
1831 35 0
1832 36 0
1833 35 0
1834 36 0
1835 35 0
1836 34 0
1837 35 0
1838 34 0
1839 35 0
1840 36 0
1841 35 0
1842 36 0
1843 35 0
1844 36 0
1845 37 0
1846 38 0
1847 39 0
1848 38 0
1849 39 0
1850 38 0
1851 39 0
1852 38 0
1853 39 0
1854 38 0
1855 39 0
1856 38 0
1857 39 0
1858 40 0
1859 41 0
1860 42 0
1861 43 0
1862 44 0
1863 43 0
1864 44 0
1865 43 0
1866 42 0
1867 41 0
1868 40 0
1869 39 0
1870 38 0
1871 39 0
1872 38 0
1873 39 0
1874 38 0
1875 37 0
1876 38 0
1877 37 0
1878 38 0
1879 37 0
1880 36 0
1881 37 0
1882 38 0
1883 39 0
1884 38 0
1885 39 0
1886 38 0
1887 37 0
1888 36 0
1889 37 0
1890 36 0
1891 37 0
1892 36 0
1893 37 0
1894 36 0
1895 37 0
1896 38 0
1897 37 0
1898 36 0
1899 37 0
1900 36 0
1901 37 0
1902 36 0
1903 37 0
1904 38 0
1905 39 0
1906 38 0
1907 39 0
1908 38 0
1909 39 0
1910 40 0
1911 41 0
1912 42 0
1913 41 0
1914 40 0
1915 39 0
1916 40 0
1917 39 0
1918 38 0
1919 37 0
1920 38 0
1921 37 0
1922 38 0
1923 37 0
1924 36 0
1925 37 0
1926 36 0
1927 35 0
1928 34 0
1929 35 0
1930 36 0
1931 35 0
1932 34 0
1933 33 0
1934 34 0
1935 33 0
1936 34 0
1937 35 0
1938 34 0
1939 35 0
1940 34 0
1941 33 0
1942 32 0
1943 31 0
1944 30 0
1945 31 0
1946 32 0
1947 33 0
1948 32 0
1949 33 0
1950 34 0
1951 33 0
1952 34 0
1953 33 0
1954 32 0
1955 33 0
1956 32 0
1957 31 0
1958 30 0
1959 29 0
1960 30 0
1961 31 0
1962 32 0
1963 33 0
1964 32 0
1965 31 0
1966 32 0
1967 31 0
1968 30 0
1969 29 0
1970 28 0
1971 27 0
1972 28 0
1973 29 0
1974 30 0
1975 29 0
1976 28 0
1977 27 0
1978 26 0
1979 27 0
1980 28 0
1981 27 0
1982 26 0
1983 27 0
1984 26 0
1985 27 0
1986 26 0
1987 27 0
1988 26 0
1989 25 0
1990 26 0
1991 25 0
1992 26 0
1993 25 0
1994 24 0
1995 23 0
1996 22 0
1997 23 0
1998 22 0
1999 23 0
2000 24 0
2001 23 0
2002 24 0
2003 25 0
2004 26 0
2005 27 0
2006 26 0
2007 27 0
2008 28 0
2009 29 0
2010 28 0
2011 27 0
2012 28 0
2013 29 0
2014 28 0
2015 27 0
2016 28 0
2017 27 0
2018 26 0
2019 25 0
2020 24 0
2021 23 0
2022 22 0
2023 21 0
2024 22 0
2025 23 0
2026 22 0
2027 23 0
2028 24 0
2029 25 0
2030 26 0
2031 27 0
2032 26 0
2033 27 0
2034 28 0
2035 29 0
2036 30 0
2037 31 0
2038 32 0
2039 31 0
2040 32 0
2041 33 0
2042 34 0
2043 35 0
2044 34 0
2045 35 0
2046 36 0
2047 35 0
2048 34 0
2049 33 0
2050 34 0
2051 33 0
2052 34 0
2053 33 0
2054 32 0
2055 31 0
2056 32 0
2057 33 0
2058 34 0
2059 35 0
2060 36 0
2061 37 0
2062 36 0
2063 35 0
2064 36 0
2065 37 0
2066 36 0
2067 37 0
2068 38 0
2069 39 0
2070 38 0
2071 37 0
2072 36 0
2073 37 0
2074 36 0
2075 35 0
2076 34 0
2077 33 0
2078 32 0
2079 33 0
2080 34 0
2081 33 0
2082 34 0
2083 35 0
2084 34 0
2085 35 0
2086 34 0
2087 35 0
2088 36 0
2089 37 0
2090 38 0
2091 37 0
2092 38 0
2093 37 0
2094 36 0
2095 35 0
2096 36 0
2097 37 0
2098 36 0
2099 35 0
2100 34 0
2101 33 0
2102 32 0
2103 33 0
2104 32 0
2105 33 0
2106 34 0
2107 35 0
2108 36 0
2109 35 0
2110 36 0
2111 35 0
2112 34 0
2113 35 0
2114 34 0
2115 33 0
2116 34 0
2117 35 0
2118 36 0
2119 35 0
2120 34 0
2121 33 0
2122 32 0
2123 31 0
2124 30 0
2125 31 0
2126 30 0
2127 31 0
2128 32 0
2129 33 0
2130 32 0
2131 33 0
2132 34 0
2133 35 0
2134 34 0
2135 33 0
2136 32 0
2137 31 0
2138 32 0
2139 31 0
2140 30 0
2141 31 0
2142 30 0
2143 29 0
2144 28 0
2145 29 0
2146 28 0
2147 29 0
2148 30 0
2149 31 0
2150 32 0
2151 31 0
2152 32 0
2153 33 0
2154 34 0
2155 33 0
2156 34 0
2157 33 0
2158 32 0
2159 31 0
2160 32 0
2161 33 0
2162 34 0
2163 33 0
2164 32 0
2165 31 0
2166 32 0
2167 33 0
2168 32 0
2169 31 0
2170 32 0
2171 33 0
2172 32 0
2173 33 0
2174 32 0
2175 33 0
2176 32 0
2177 31 0
2178 30 0
2179 29 0
2180 30 0
2181 29 0
2182 30 0
2183 29 0
2184 28 0
2185 29 0
2186 28 0
2187 27 0
2188 28 0
2189 27 0
2190 28 0
2191 29 0
2192 28 0
2193 29 0
2194 30 0
2195 31 0
2196 30 0
2197 29 0
2198 30 0
2199 31 0
2200 32 0
2201 33 0
2202 34 0
2203 35 0
2204 36 0
2205 37 0
2206 38 0
2207 37 0
2208 36 0
2209 35 0
2210 36 0
2211 37 0
2212 38 0
2213 39 0
2214 38 0
2215 39 0
2216 40 0
2217 39 0
2218 38 0
2219 39 0
2220 38 0
2221 39 0
2222 38 0
2223 39 0
2224 38 0
2225 39 0
2226 38 0
2227 37 0
2228 36 0
2229 37 0
2230 36 0
2231 35 0
2232 36 0
2233 37 0
2234 38 0
2235 39 0
2236 38 0
2237 37 0
2238 38 0
2239 37 0
2240 38 0
2241 39 0
2242 40 0
2243 39 0
2244 38 0
2245 37 0
2246 38 0
2247 39 0
2248 38 0
2249 37 0
2250 38 0
2251 39 0
2252 40 0
2253 41 0
2254 40 0
2255 39 0
2256 40 0
2257 41 0
2258 40 0
2259 39 0
2260 38 0
2261 37 0
2262 36 0
2263 37 0
2264 38 0
2265 37 0
2266 38 0
2267 37 0
2268 36 0
2269 35 0
2270 34 0
2271 33 0
2272 32 0
2273 33 0
2274 34 0
2275 35 0
2276 36 0
2277 37 0
2278 38 0
2279 37 0
2280 38 0
2281 37 0
2282 36 0
2283 37 0
2284 38 0
2285 37 0
2286 36 0
2287 37 0
2288 36 0
2289 35 0
2290 36 0
2291 35 0
2292 34 0
2293 35 0
2294 34 0
2295 35 0
2296 34 0
2297 35 0
2298 34 0
2299 35 0
2300 36 0
2301 37 0
2302 38 0
2303 39 0
2304 40 0
2305 41 0
2306 42 0
2307 41 0
2308 40 0
2309 41 0
2310 42 0
2311 43 0
2312 44 0
2313 45 0
2314 44 0
2315 45 0
2316 46 0
2317 45 0
2318 44 0
2319 45 0
2320 44 0
2321 45 0
2322 46 0
2323 47 0
2324 48 0
2325 47 0
2326 46 0
2327 45 0
2328 46 0
2329 45 0
2330 44 0
2331 43 0
2332 42 0
2333 43 0
2334 42 0
2335 41 0
2336 42 0
2337 41 0
2338 40 0
2339 41 0
2340 40 0
2341 39 0
2342 38 0
2343 39 0
2344 40 0
2345 39 0
2346 38 0
2347 39 0
2348 38 0
2349 39 0
2350 38 0
2351 37 0
2352 36 0
2353 35 0
2354 34 0
2355 33 0
2356 34 0
2357 33 0
2358 34 0
2359 33 0
2360 34 0
2361 35 0
2362 36 0
2363 35 0
2364 34 0
2365 33 0
2366 32 0
2367 31 0
2368 30 0
2369 31 0
2370 30 0
2371 29 0
2372 28 0
2373 27 0
2374 28 0
2375 27 0
2376 28 0
2377 29 0
2378 28 0
2379 27 0
2380 28 0
2381 27 0
2382 28 0
2383 29 0
2384 28 0
2385 29 0
2386 28 0
2387 29 0
2388 30 0
2389 29 0
2390 30 0
2391 31 0
2392 30 0
2393 31 0
2394 30 0
2395 31 0
2396 30 0
2397 31 0
2398 32 0
2399 33 0
2400 34 0
2401 35 0
2402 34 0
2403 33 0
2404 32 0
2405 31 0
2406 30 0
2407 31 0
2408 30 0
2409 29 0
2410 28 0
2411 27 0
2412 28 0
2413 29 0
2414 28 0
2415 27 0
2416 28 0
2417 29 0
2418 30 0
2419 31 0
2420 32 0
2421 33 0
2422 32 0
2423 33 0
2424 32 0
2425 31 0
2426 32 0
2427 33 0
2428 32 0
2429 31 0
2430 32 0
2431 33 0
2432 32 0
2433 33 0
2434 34 0
2435 35 0
2436 34 0
2437 33 0
2438 32 0
2439 33 0
2440 34 0
2441 35 0
2442 34 0
2443 33 0
2444 34 0
2445 33 0
2446 34 0
2447 35 0
2448 34 0
2449 35 0
2450 34 0
2451 35 0
2452 34 0
2453 33 0
2454 34 0
2455 33 0
2456 32 0
2457 31 0
2458 30 0
2459 29 0
2460 28 0
2461 27 0
2462 28 0
2463 29 0
2464 30 0
2465 31 0
2466 32 0
2467 33 0
2468 34 0
2469 35 0
2470 36 0
2471 35 0
2472 34 0
2473 33 0
2474 34 0
2475 35 0
2476 34 0
2477 33 0
2478 32 0
2479 31 0
2480 32 0
2481 31 0
2482 32 0
2483 33 0
2484 34 0
2485 35 0
2486 36 0
2487 37 0
2488 38 0
2489 39 0
2490 40 0
2491 39 0
2492 40 0
2493 41 0
2494 42 0
2495 41 0
2496 40 0
2497 39 0
2498 38 0
2499 37 0
2500 38 0
2501 37 0
2502 36 0
2503 35 0
2504 34 0
2505 33 0
2506 34 0
2507 33 0
2508 32 0
2509 31 0
2510 32 0
2511 31 0
2512 32 0
2513 31 0
2514 32 0
2515 33 0
2516 34 0
2517 33 0
2518 32 0
2519 31 0
2520 32 0
2521 31 0
2522 30 0
2523 31 0
2524 30 0
2525 31 0
2526 30 0
2527 29 0
2528 28 0
2529 27 0
2530 26 0
2531 25 0
2532 26 0
2533 25 0
2534 26 0
2535 27 0
2536 26 0
2537 27 0
2538 26 0
2539 25 0
2540 26 0
2541 25 0
2542 24 0
2543 23 0
2544 24 0
2545 25 0
2546 24 0
2547 23 0
2548 22 0
2549 23 0
2550 22 0
2551 21 0
2552 22 0
2553 21 0
2554 20 0
2555 19 0
2556 20 0
2557 21 0
2558 20 0
2559 19 0
2560 20 0
2561 21 0
2562 22 0
2563 21 0
2564 22 0
2565 23 0
2566 22 0
2567 21 0
2568 22 0
2569 23 0
2570 24 0
2571 25 0
2572 26 0
2573 25 0
2574 26 0
2575 25 0
2576 26 0
2577 27 0
2578 28 0
2579 27 0
2580 26 0
2581 27 0
2582 28 0
2583 29 0
2584 28 0
2585 27 0
2586 26 0
2587 25 0
2588 26 0
2589 25 0
2590 26 0
2591 25 0
2592 24 0
2593 23 0
2594 22 0
2595 23 0
2596 22 0
2597 21 0
2598 22 0
2599 21 0
2600 22 0
2601 23 0
2602 24 0
2603 25 0
2604 24 0
2605 23 0
2606 22 0
2607 21 0
2608 20 0
2609 19 0
2610 20 0
2611 19 0
2612 20 0
2613 19 0
2614 18 0
2615 19 0
2616 20 0
2617 19 0
2618 20 0
2619 21 0
2620 22 0
2621 23 0
2622 22 0
2623 23 0
2624 22 0
2625 23 0
2626 22 0
2627 21 0
2628 20 0
2629 21 0
2630 22 0
2631 21 0
2632 20 0
2633 21 0
2634 20 0
2635 19 0
2636 20 0
2637 21 0
2638 20 0
2639 21 0
2640 20 0
2641 19 0
2642 18 0
2643 17 0
2644 16 0
2645 17 0
2646 16 0
2647 17 0
2648 16 0
2649 15 0
2650 14 0
2651 13 0
2652 12 0
2653 11 0
2654 12 0
2655 13 0
2656 12 0
2657 13 0
2658 12 0
2659 11 0
2660 10 0
2661 9 0
2662 10 0
2663 9 0
2664 10 0
2665 11 0
2666 12 0
2667 13 0
2668 14 0
2669 13 0
2670 12 0
2671 13 0
2672 12 0
2673 13 0
2674 14 0
2675 13 0
2676 14 0
2677 13 0
2678 12 0
2679 11 0
2680 12 0
2681 13 0
2682 14 0
2683 15 0
2684 16 0
2685 17 0
2686 18 0
2687 19 0
2688 20 0
2689 21 0
2690 22 0
2691 23 0
2692 24 0
2693 23 0
2694 22 0
2695 21 0
2696 20 0
2697 21 0
2698 22 0
2699 21 0
2700 22 0
2701 23 0
2702 24 0
2703 23 0
2704 22 0
2705 23 0
2706 22 0
2707 23 0
2708 24 0
2709 23 0
2710 24 0
2711 23 0
2712 24 0
2713 23 0
2714 22 0
2715 21 0
2716 22 0
2717 21 0
2718 20 0
2719 19 0
2720 18 0
2721 17 0
2722 18 0
2723 17 0
2724 16 0
2725 15 0
2726 14 0
2727 13 0
2728 12 0
2729 11 0
2730 10 0
2731 9 0
2732 8 0
2733 9 0
2734 8 0
2735 9 0
2736 10 0
2737 9 0
2738 10 0
2739 9 0
2740 10 0
2741 9 0
2742 8 0
2743 9 0
2744 10 0
2745 9 0
2746 8 0
2747 9 0
2748 10 0
2749 11 0
2750 10 0
2751 11 0
2752 12 0
2753 13 0
2754 12 0
2755 11 0
2756 12 0
2757 13 0
2758 12 0
2759 13 0
2760 12 0
2761 11 0
2762 12 0
2763 11 0
2764 10 0
2765 11 0
2766 12 0
2767 13 0
2768 14 0
2769 13 0
2770 14 0
2771 13 0
2772 14 0
2773 13 0
2774 12 0
2775 11 0
2776 10 0
2777 11 0
2778 10 0
2779 11 0
2780 12 0
2781 13 0
2782 12 0
2783 13 0
2784 12 0
2785 13 0
2786 12 0
2787 13 0
2788 14 0
2789 15 0
2790 16 0
2791 17 0
2792 18 0
2793 19 0
2794 20 0
2795 21 0
2796 20 0
2797 21 0
2798 22 0
2799 21 0
2800 22 0
2801 23 0
2802 24 0
2803 25 0
2804 24 0
2805 25 0
2806 24 0
2807 23 0
2808 24 0
2809 25 0
2810 24 0
2811 23 0
2812 24 0
2813 23 0
2814 24 0
2815 23 0
2816 24 0
2817 25 0
2818 26 0
2819 25 0
2820 26 0
2821 25 0
2822 26 0
2823 25 0
2824 24 0
2825 25 0
2826 26 0
2827 27 0
2828 26 0
2829 25 0
2830 26 0
2831 25 0
2832 24 0
2833 23 0
2834 24 0
2835 25 0
2836 24 0
2837 23 0
2838 24 0
2839 23 0
2840 22 0
2841 23 0
2842 22 0
2843 21 0
2844 22 0
2845 23 0
2846 22 0
2847 21 0
2848 20 0
2849 21 0
2850 20 0
2851 19 0
2852 20 0
2853 21 0
2854 20 0
2855 19 0
2856 18 0
2857 19 0
2858 20 0
2859 21 0
2860 20 0
2861 19 0
2862 20 0
2863 21 0
2864 20 0
2865 21 0
2866 22 0
2867 21 0
2868 22 0
2869 21 0
2870 22 0
2871 21 0
2872 20 0
2873 19 0
2874 20 0
2875 21 0
2876 22 0
2877 23 0
2878 24 0
2879 25 0
2880 24 0
2881 25 0
2882 24 0
2883 23 0
2884 24 0
2885 23 0
2886 22 0
2887 21 0
2888 22 0
2889 23 0
2890 24 0
2891 25 0
2892 24 0
2893 23 0
2894 22 0
2895 23 0
2896 24 0
2897 25 0
2898 26 0
2899 25 0
2900 26 0
2901 25 0
2902 24 0
2903 25 0
2904 24 0
2905 25 0
2906 24 0
2907 23 0
2908 24 0
2909 25 0
2910 26 0
2911 25 0
2912 24 0
2913 25 0
2914 26 0
2915 25 0
2916 24 0
2917 25 0
2918 24 0
2919 25 0
2920 24 0
2921 23 0
2922 22 0
2923 23 0
2924 24 0
2925 25 0
2926 26 0
2927 27 0
2928 26 0
2929 27 0
2930 28 0
2931 27 0
2932 28 0
2933 27 0
2934 26 0
2935 25 0
2936 24 0
2937 25 0
2938 24 0
2939 25 0
2940 26 0
2941 27 0
2942 26 0
2943 25 0
2944 24 0
2945 25 0
2946 26 0
2947 27 0
2948 26 0
2949 25 0
2950 26 0
2951 27 0
2952 26 0
2953 27 0
2954 26 0
2955 27 0
2956 28 0
2957 29 0
2958 30 0
2959 31 0
2960 30 0
2961 31 0
2962 32 0
2963 31 0
2964 32 0
2965 31 0
2966 32 0
2967 33 0
2968 32 0
2969 31 0
2970 32 0
2971 31 0
2972 32 0
2973 31 0
2974 32 0
2975 33 0
2976 32 0
2977 31 0
2978 32 0
2979 31 0
2980 30 0
2981 31 0
2982 30 0
2983 29 0
2984 30 0
2985 29 0
2986 30 0
2987 29 0
2988 28 0
2989 29 0
2990 28 0
2991 27 0
2992 28 0
2993 29 0
2994 28 0
2995 27 0
2996 28 0
2997 29 0
2998 28 0
2999 27 0
3000 28 0
